54  102
64  94
84  85
109  82
123  84
146  92
169  99
188  104
204  113
215  125
248  142
256  155
269  176
276  189
285  206
294  224
303  241
312  264
315  285
308  308
293  334
284  356
274  366
258  379
239  376
220  371
214  359
214  341
219  322
233  295
240  274
244  250
234  225
217  211
197  206
172  206
153  218
132  240
124  260
115  282
117  305
121  329
131  349
140  365
154  386
174  407
196  425
208  429
240  440
258  442
274  442
295  441
307  435
336  422
351  404
358  389
367  367
368  350
375  328
377  307
389  296
394  283
396  269
388  242
388  225
395  200
410  186
417  171
402  153
390  146
372  137
374  116
391  105
406  102
413  108
427  121
427  140
431  156
436  175
435  196
430  215
429  251
439  272
438  294
